PID             Arrival time    Phase Length   
1               781             19             
2               816             11             
3               486             19             
4               803             13             
5               336             14             
6               125             14             
7               160             12             
8               152             7              
9               832             12             
10              438             15             
11              18              17             
12              816             9              
13              669             5              
14              993             19             
15              58              10             
16              417             15             
17              217             9              
18              277             13             
19              836             5              
20              20              19             
21              749             3              
22              341             3              
23              123             17             
24              284             7              
25              360             7              
26              307             6              
27              518             3              
28              773             3              
29              791             13             
30              398             4              
31              820             10             
32              374             15             
33              93              12             
34              972             13             
35              104             10             
36              775             6              
37              957             15             
38              96              19             
39              853             19             
40              675             6              
41              922             13             
42              692             17             
43              802             10             
44              847             10             
45              317             8              
46              783             9              
47              990             3              
48              880             8              
49              983             6              
50              841             11             
51              660             3              
52              96              17             
53              162             10             
54              202             16             
55              104             10             
56              162             7              
57              755             2              
58              686             10             
59              752             12             
60              657             6              
61              187             3              
62              522             14             
63              388             4              
64              612             14             
65              833             3              
66              927             13             
67              494             10             
68              797             14             
69              833             12             
70              758             19             
71              994             5              
72              852             13             
73              807             12             
74              35              4              
75              62              14             
76              704             15             
77              956             2              
78              610             8              
79              571             11             
80              374             11             
81              279             16             
82              996             3              
83              297             6              
84              871             10             
85              621             19             
86              66              1              
87              726             1              
88              654             10             
89              354             16             
90              112             7              
91              400             17             
92              439             2              
93              749             2              
94              187             4              
95              886             8              
96              385             14             
97              967             8              
98              491             7              
99              818             18             
100             236             4              
101             268             11             
102             729             6              
103             153             18             
104             539             17             
105             479             12             
106             602             5              
107             752             7              
108             307             19             
109             346             13             
110             161             4              
111             825             17             
112             754             11             
113             644             5              
114             520             1              
115             188             18             
116             528             5              
117             216             3              
118             903             13             
119             6               17             
120             32              6              
121             540             15             
122             67              17             
123             604             14             
124             112             3              
125             654             2              
126             56              5              
127             648             13             
128             844             8              
129             265             3              
130             407             2              
131             923             7              
132             958             15             
133             214             9              
134             145             18             
135             905             18             
136             913             18             
137             771             16             
138             648             14             
139             344             14             
140             169             8              
141             727             7              
142             852             4              
143             288             5              
144             420             11             
145             579             10             
146             100             10             
147             195             5              
148             459             18             
149             442             3              
150             753             13             
151             502             5              
152             145             14             
153             657             4              
154             286             8              
155             374             12             
156             898             1              
157             159             11             
158             642             17             
159             540             8              
160             277             7              
161             125             1              
162             795             18             
163             721             9              
164             770             6              
165             695             18             
166             844             16             
167             697             7              
168             188             12             
169             553             1              
170             663             5              
171             588             7              
172             568             2              
173             683             14             
174             36              9              
175             648             15             
176             116             14             
177             549             18             
178             176             5              
179             384             3              
180             168             6              
181             379             7              
182             254             14             
183             343             13             
184             424             15             
185             369             2              
186             89              13             
187             485             7              
188             351             4              
189             439             6              
190             799             5              
191             288             7              
192             844             10             
193             493             3              
194             631             15             
195             420             14             
196             784             6              
197             32              4              
198             595             18             
199             907             12             
200             846             14             
201             443             5              
202             743             8              
203             525             11             
204             586             8              
205             790             6              
206             359             12             
207             777             3              
208             770             16             
209             346             19             
210             748             16             
211             225             16             
212             327             17             
213             75              9              
214             143             16             
215             34              2              
216             156             16             
217             412             19             
218             156             17             
219             665             14             
220             133             16             
221             877             1              
222             656             8              
223             86              16             
224             985             13             
225             976             8              
226             771             16             
227             484             10             
228             985             5              
229             791             5              
230             47              15             
231             175             4              
232             302             6              
233             528             16             
234             174             4              
235             476             12             
236             806             13             
237             657             12             
238             687             6              
239             139             8              
240             470             2              
241             963             17             
242             280             8              
243             736             2              
244             617             13             
245             658             4              
246             845             7              
247             302             8              
248             895             18             
249             538             14             
250             271             15             
251             506             19             
252             830             8              
253             323             16             
254             46              15             
255             453             15             
256             149             12             
257             118             16             
258             312             3              
259             337             7              
260             411             10             
261             542             14             
262             830             19             
263             635             19             
264             420             17             
265             840             4              
266             933             19             
267             759             13             
268             579             14             
269             282             1              
270             394             5              
271             463             11             
272             425             14             
273             23              4              
274             981             13             
275             268             15             
276             900             4              
277             432             10             
278             846             14             
279             322             4              
280             496             1              
281             148             12             
282             923             9              
283             288             14             
284             961             7              
285             848             16             
286             384             19             
287             253             8              
288             206             4              
289             808             14             
290             324             9              
291             796             12             
292             608             19             
293             628             2              
294             394             3              
295             728             8              
296             120             2              
297             667             17             
298             853             18             
299             328             14             
300             444             7              
301             387             18             
302             818             11             
303             564             15             
304             113             18             
305             645             15             
306             49              7              
307             821             1              
308             242             18             
309             573             13             
310             172             6              
311             856             15             
312             239             12             
313             536             10             
314             222             3              
315             715             19             
316             614             12             
317             589             15             
318             445             2              
319             142             13             
320             118             15             
321             668             15             
322             505             12             
323             595             8              
324             982             11             
325             801             2              
326             226             11             
327             903             13             
328             490             12             
329             201             8              
330             588             15             
331             550             11             
332             262             9              
333             242             10             
334             206             1              
335             193             18             
336             832             12             
337             591             3              
338             614             8              
339             251             4              
340             609             4              
341             106             1              
342             174             18             
343             887             4              
344             212             11             
345             520             13             
346             794             16             
347             212             15             
348             990             14             
349             32              6              
350             71              17             
351             57              19             
352             172             12             
353             531             17             
354             325             19             
355             760             16             
356             23              19             
357             357             15             
358             806             7              
359             710             7              
360             386             1              
361             562             12             
362             204             13             
363             665             14             
364             170             16             
365             825             3              
366             510             13             
367             40              7              
368             909             7              
369             300             19             
370             211             12             
371             518             17             
372             659             9              
373             606             9              
374             940             11             
375             639             1              
376             496             6              
377             211             18             
378             646             8              
379             481             12             
380             503             18             
381             162             7              
382             301             5              
383             780             2              
384             64              15             
385             174             11             
386             506             18             
387             546             18             
388             538             14             
389             704             16             
390             414             5              
391             223             11             
392             17              4              
393             734             14             
394             780             15             
395             209             19             
396             192             5              
397             767             19             
398             162             4              
399             400             16             
400             776             8              
401             620             2              
402             544             13             
403             311             17             
404             671             8              
405             816             14             
406             150             13             
407             41              3              
408             721             9              
409             353             15             
410             50              15             
411             628             19             
412             506             15             
413             148             3              
414             424             2              
415             313             14             
416             426             1              
417             556             13             
418             807             12             
419             929             13             
420             343             5              
421             379             5              
422             258             16             
423             9               17             
424             13              9              
425             62              18             
426             412             17             
427             478             3              
428             65              15             
429             740             13             
430             226             10             
431             705             14             
432             65              19             
433             264             10             
434             493             12             
435             876             14             
436             805             1              
437             122             7              
438             13              6              
439             155             9              
440             785             1              
441             978             6              
442             886             19             
443             892             9              
444             864             18             
445             197             13             
446             470             5              
447             318             19             
448             322             1              
449             28              10             
450             156             12             
451             485             12             
452             734             19             
453             324             19             
454             346             14             
455             372             10             
456             896             6              
457             656             9              
458             940             14             
459             185             5              
460             620             8              
461             937             1              
462             463             17             
463             316             18             
464             800             16             
465             358             14             
466             698             7              
467             359             1              
468             213             11             
469             691             4              
470             55              4              
471             639             8              
472             231             15             
473             270             8              
474             290             12             
475             353             14             
476             200             14             
477             717             11             
478             496             9              
479             557             16             
480             304             2              
481             48              6              
482             377             16             
483             998             12             
484             887             10             
485             197             13             
486             143             10             
487             152             5              
488             265             16             
489             422             10             
490             588             3              
491             96              11             
492             784             7              
493             164             1              
494             655             16             
495             279             4              
496             965             5              
497             136             16             
498             335             18             
499             919             16             
500             120             9              
501             772             13             
502             718             4              
503             587             10             
504             434             15             
505             45              19             
506             582             11             
507             379             18             
508             2               4              
509             811             1              
510             959             2              
511             861             8              
512             84              5              
513             911             5              
514             791             12             
515             221             1              
516             619             5              
517             4               5              
518             375             12             
519             493             7              
520             440             4              
521             583             15             
522             405             4              
523             165             11             
524             847             16             
525             263             11             
526             92              1              
527             540             16             
528             281             6              
529             308             6              
530             636             3              
531             892             10             
532             52              18             
533             363             18             
534             784             11             
535             761             8              
536             164             8              
537             440             1              
538             683             13             
539             506             6              
540             638             12             
541             98              17             
542             706             11             
543             150             8              
544             711             12             
545             50              2              
546             60              13             
547             840             9              
548             256             10             
549             699             14             
550             460             15             
551             172             7              
552             181             4              
553             235             8              
554             781             1              
555             695             16             
556             280             4              
557             672             12             
558             420             12             
559             577             4              
560             538             14             
561             228             6              
562             82              8              
563             974             10             
564             563             17             
565             281             3              
566             447             12             
567             720             4              
568             700             18             
569             213             8              
570             919             1              
571             470             10             
572             340             19             
573             487             5              
574             288             3              
575             473             3              
576             119             9              
577             183             3              
578             138             7              
579             233             19             
580             112             10             
581             641             13             
582             77              10             
583             427             14             
584             448             16             
585             106             1              
586             70              9              
587             293             3              
588             772             3              
589             321             12             
590             361             5              
591             496             3              
592             554             6              
593             735             7              
594             152             10             
595             965             3              
596             820             18             
597             7               8              
598             802             2              
599             816             11             
600             51              8              
601             262             19             
602             268             5              
603             912             12             
604             44              13             
605             475             9              
606             75              19             
607             252             13             
608             486             8              
609             88              7              
610             359             10             
611             198             9              
612             754             5              
613             902             7              
614             178             1              
615             524             13             
616             1               8              
617             524             15             
618             222             3              
619             865             1              
620             281             13             
621             425             12             
622             978             10             
623             376             1              
624             384             6              
625             197             18             
626             989             4              
627             73              8              
628             502             17             
629             331             13             
630             553             15             
631             449             10             
632             655             8              
633             506             5              
634             633             15             
635             822             9              
636             846             10             
637             398             3              
638             386             11             
639             96              2              
640             603             9              
641             275             7              
642             677             15             
643             889             18             
644             782             16             
645             74              2              
646             739             5              
647             461             6              
648             984             16             
649             650             11             
650             991             19             
651             739             9              
652             896             13             
653             496             1              
654             271             18             
655             649             11             
656             396             3              
657             886             19             
658             627             9              
659             243             3              
660             35              5              
661             623             10             
662             628             6              
663             700             9              
664             481             12             
665             113             19             
666             910             9              
667             426             13             
668             723             14             
669             601             18             
670             486             17             
671             278             2              
672             350             13             
673             642             19             
674             691             9              
675             721             7              
676             628             9              
677             934             7              
678             480             8              
679             600             11             
680             998             13             
681             730             6              
682             632             3              
683             481             19             
684             362             12             
685             966             14             
686             921             3              
687             923             8              
688             958             10             
689             434             3              
690             825             1              
691             225             17             
692             786             19             
693             706             8              
694             707             4              
695             647             3              
696             498             9              
697             267             8              
698             203             16             
699             563             18             
700             105             13             
701             107             8              
702             189             5              
703             13              16             
704             895             4              
705             972             18             
706             889             8              
707             14              17             
708             268             13             
709             480             1              
710             962             8              
711             252             4              
712             210             7              
713             398             2              
714             337             2              
715             500             16             
716             166             10             
717             667             3              
718             406             9              
719             126             4              
720             446             4              
721             794             16             
722             879             17             
723             677             5              
724             588             5              
725             836             17             
726             311             17             
727             124             10             
728             1               5              
729             272             16             
730             248             3              
731             985             16             
732             186             13             
733             428             16             
734             32              14             
735             116             1              
736             806             16             
737             353             14             
738             559             4              
739             657             19             
740             734             5              
741             778             1              
742             367             10             
743             537             4              
744             547             10             
745             453             15             
746             467             2              
747             797             2              
748             131             12             
749             96              12             
750             576             6              
751             211             1              
752             644             16             
753             460             1              
754             822             15             
755             222             2              
756             463             1              
757             573             10             
758             502             1              
759             321             12             
760             150             11             
761             440             16             
762             565             2              
763             620             4              
764             853             2              
765             948             19             
766             648             15             
767             109             8              
768             612             5              
769             561             11             
770             854             1              
771             696             17             
772             58              4              
773             411             3              
774             369             14             
775             40              11             
776             395             6              
777             686             1              
778             692             14             
779             978             1              
780             739             5              
781             899             3              
782             237             12             
783             120             4              
784             985             11             
785             962             4              
786             164             5              
787             260             13             
788             212             6              
789             526             16             
790             858             6              
791             16              19             
792             881             15             
793             724             8              
794             651             9              
795             284             8              
796             282             11             
797             907             14             
798             219             13             
799             991             11             
800             791             12             
801             300             2              
802             284             14             
803             180             7              
804             313             13             
805             906             16             
806             606             10             
807             839             18             
808             257             11             
809             787             3              
810             221             8              
811             837             14             
812             245             3              
813             22              9              
814             607             16             
815             375             5              
816             827             4              
817             259             13             
818             274             14             
819             559             8              
820             668             12             
821             285             4              
822             346             9              
823             592             10             
824             914             13             
825             18              11             
826             656             13             
827             881             8              
828             345             13             
829             721             9              
830             627             6              
831             987             1              
832             809             14             
833             762             12             
834             203             8              
835             446             8              
836             322             3              
837             73              4              
838             504             4              
839             455             13             
840             518             11             
841             692             16             
842             655             3              
843             189             6              
844             770             6              
845             776             18             
846             725             10             
847             159             3              
848             412             10             
849             351             7              
850             481             14             
851             943             2              
852             862             4              
853             516             3              
854             6               10             
855             497             7              
856             841             10             
857             436             16             
858             110             9              
859             884             18             
860             970             17             
861             622             18             
862             671             11             
863             679             19             
864             985             12             
865             44              15             
866             769             16             
867             909             5              
868             876             8              
869             80              14             
870             390             19             
871             537             18             
872             744             1              
873             15              13             
874             385             9              
875             34              3              
876             296             14             
877             696             16             
878             23              16             
879             376             12             
880             723             4              
881             910             16             
882             792             13             
883             300             11             
884             346             14             
885             953             13             
886             766             13             
887             91              10             
888             958             4              
889             673             14             
890             716             6              
891             355             17             
892             838             18             
893             675             5              
894             503             3              
895             284             17             
896             703             4              
897             824             12             
898             72              18             
899             233             3              
900             977             9              
901             781             18             
902             432             13             
903             740             14             
904             568             4              
905             525             13             
906             739             7              
907             220             3              
908             880             18             
909             496             3              
910             621             16             
911             618             10             
912             968             7              
913             416             17             
914             119             5              
915             502             7              
916             887             11             
917             670             16             
918             354             14             
919             631             1              
920             882             4              
921             809             12             
922             250             7              
923             72              1              
924             451             9              
925             478             16             
926             971             12             
927             19              4              
928             347             2              
929             16              6              
930             751             15             
931             354             11             
932             872             6              
933             625             16             
934             230             12             
935             648             8              
936             111             4              
937             695             2              
938             389             4              
939             315             12             
940             179             17             
941             800             18             
942             719             9              
943             749             9              
944             507             9              
945             797             4              
946             710             17             
947             238             8              
948             672             14             
949             250             4              
950             770             3              
951             235             9              
952             499             14             
953             852             5              
954             240             13             
955             146             11             
956             715             18             
957             657             15             
958             172             15             
959             435             18             
960             797             13             
961             859             8              
962             54              14             
963             120             2              
964             473             16             
965             341             14             
966             689             16             
967             661             6              
968             91              4              
969             811             3              
970             79              2              
971             856             13             
972             536             7              
973             566             9              
974             69              19             
975             289             11             
976             916             14             
977             853             16             
978             661             7              
979             51              16             
980             114             14             
981             877             9              
982             782             14             
983             48              9              
984             59              11             
985             658             13             
986             278             12             
987             785             12             
988             885             14             
989             443             16             
990             24              13             
991             76              13             
992             485             13             
993             505             13             
994             342             1              
995             843             19             
996             221             5              
997             479             6              
998             967             18             
999             851             6              
1000            22              8              
