PID             Arrival time    Phase Length   
1               54              16             
2               71              6              
3               17              11             
4               73              16             
5               47              13             
6               3               4              
7               52              17             
8               10              1              
9               81              9              
10              83              9              
11              5               17             
12              64              10             
13              24              1              
14              77              11             
15              64              7              
16              49              4              
17              68              16             
18              54              2              
19              50              18             
20              90              17             
21              92              8              
22              23              16             
23              71              9              
24              21              6              
25              88              11             
26              36              18             
27              28              19             
28              39              3              
29              24              5              
30              79              10             
31              98              17             
32              36              7              
33              64              10             
34              58              2              
35              59              12             
36              36              4              
37              23              13             
38              43              7              
39              74              6              
40              65              5              
41              98              5              
42              29              3              
43              45              5              
44              8               6              
45              92              1              
46              22              15             
47              16              7              
48              35              4              
49              89              4              
50              52              1              
51              36              12             
52              93              9              
53              81              14             
54              94              12             
55              11              7              
56              75              10             
57              44              1              
58              41              2              
59              60              16             
60              7               1              
61              81              3              
62              18              5              
63              88              17             
64              5               7              
65              9               19             
66              76              4              
67              78              18             
68              27              5              
69              94              3              
70              71              10             
71              48              1              
72              35              9              
73              90              16             
74              94              1              
75              57              16             
76              41              6              
77              59              13             
78              54              11             
79              48              5              
80              95              5              
81              57              8              
82              94              16             
83              52              5              
84              94              11             
85              77              4              
86              72              8              
87              83              17             
88              63              9              
89              55              15             
90              14              11             
91              36              9              
92              65              17             
93              61              14             
94              31              7              
95              79              15             
96              12              18             
97              48              4              
98              9               1              
99              54              9              
100             13              14             
