PID             Arrival time    Phase Length   
1               16              14             
2               9               5              
3               15              3              
4               1               14             
5               6               9              
6               12              8              
7               11              2              
8               19              6              
9               7               3              
10              11              13             
11              5               12             
12              14              13             
13              8               8              
14              4               17             
15              12              2              
16              17              8              
17              16              4              
18              2               15             
19              11              1              
20              10              14             
